water           273.161         0.48500321450805545  1088.0503830877544   0.0038474914456090737
water           292.841         1.9297798990587378   1071.5934911806446   0.014194457222632309
water           312.521         6.224127346015667    1054.0483458122412   0.0432106281426334  
water           332.201         17.22719634063218    1035.3269765228324   0.11259199517677153 
water           351.881         41.78456270803628    1015.3277919693307   0.2583883259719399  
water           371.561         90.88037277304122    993.9331048828365    0.5342482212285796  
water           391.241         180.47378494178128   971.0060019273558    1.0136237081143136  
water           410.921         332.035616220093     946.3862836896875    1.791354102456803   
water           430.601         572.7354497617715    919.8850080391311    2.985608568784565   
water           450.281         935.346451762063     891.2769174907983    4.741499220593      
water           469.961         1457.9789219070158   860.2895848422961    7.237957776361299   
water           489.641         2183.7593169169922   826.5872814664353    10.700050680781114  
water           509.321         3160.55385545711     789.7459299898833    15.420333610114177  
water           529.001         4440.810944608202    749.2120132190099    21.79619106070048   
water           548.681         6081.575203405214    704.2302001497812    30.398133632449216  
water           568.361         8144.7127332445725   653.7032334590847    42.1051892871279    
water           588.041         10697.383883956089   595.8823390926864    58.40875721096518   
water           607.721         13812.80616721864    527.5306350371658    82.24200100793985   
water           627.401         17571.366627836524   440.67201587419515   121.22173555656963  
water           647.081         not converged        not converged        not converged       
toluene         178.001         7.075239263497773e-05 918.60005259474      4.404786272202208e-06
toluene         199.776         0.0015341386574139165 908.3415920559933    8.509978791093729e-05
toluene         221.552         0.01720505768198612  897.242018655974     0.0008605896096264147
toluene         243.327         0.11980930175727064  885.2290107707302    0.0054570671724092235
toluene         265.103         0.5852240248097412   872.2142699934514    0.024475027617582343
toluene         286.878         2.18117954880243     858.0951219493691    0.08437326224476004 
toluene         308.654         6.587005854219764    842.7460760944105    0.23737702969458915 
toluene         330.429         16.850946030019117   826.0193802083129    0.5696953454303867  
toluene         352.205         37.75701164857025    807.7332216614313    1.206410385769089   
toluene         373.98          76.01485511103571    787.6695463343978    2.313740449618298   
toluene         395.756         140.28287483773678   765.5554005485343    4.102585354549688   
toluene         417.531         241.03893679210412   741.052775451368     6.836462355610095   
toluene         439.307         390.4378276857568    713.7232657643872    10.850752437498013  
toluene         461.082         602.1123599663193    682.9930189228951    16.587882044045877  
toluene         482.858         891.1257158427549    648.0656857989259    24.668052461611797  
toluene         504.633         1273.8658754325224   607.7870107454694    36.02539013008804   
toluene         526.409         1768.2281280901157   560.3118023475835    52.220717616380064  
toluene         548.184         2393.6545248740704   502.26680454896587   76.27582531026684   
toluene         569.96          3171.6325035468067   425.4643632677892    115.92978799138419  
toluene         591.735         not converged        not converged        not converged       
co2             216.593         516.0785598753563    1197.0514869600293   13.620069426845829  
co2             221.199         626.2358531362996    1179.0731574837941   16.387443079862575  
co2             225.806         753.5235542354825    1160.243167613365    19.587505866020397  
co2             230.412         899.5394598485532    1140.5006318307715   23.27304196505355   
co2             235.018         1066.0215171331854   1119.762928881549    27.506714129309398  
co2             239.625         1254.7839419551783   1097.934905915623    32.361472067760026  
co2             244.231         1467.5739944941113   1074.9213332424415   37.919451439175944  
co2             248.837         1706.3176698291672   1050.594847825741    44.28178420621683   
co2             253.444         1973.0233694084773   1024.8038598569417   51.57108533999159   
co2             258.05          2269.584863445172    997.3835789041366    59.93279229402026   
co2             262.656         2598.130818023006    968.1122488594953    69.55464150197082   
co2             267.263         2960.8860811388045   936.7107243825038    80.67833449978286   
co2             271.869         3359.908788556983    902.8405383214115    93.61499559510288   
co2             276.475         3797.56763449969     866.0229244586129    108.79945866303015  
co2             281.082         4276.350005535398    825.58472375274      126.85654630969442  
co2             285.688         4798.520133373851    780.5477016264883    148.72662836381053  
co2             290.294         5366.7507656322005   729.2648152865313    175.9997820960196   
co2             294.901         5983.86671466352     668.5944623540807    211.75478699837254  
co2             299.507         6652.409790248463    590.6527616463886    263.82330933058495  
co2             304.113         not converged        not converged        not converged       
xenon           161.406         83.55250326285916    2883.074359939069    8.370326665743288   
xenon           168.159         122.77450321533435   2843.1492517603774   11.902955312679184  
xenon           174.913         174.8729872845297    2801.139367726714    16.462271066194432  
xenon           181.666         242.33717007222856   2756.8756091536893   22.22707101538836   
xenon           188.419         327.8215624254033    2710.1444863058105   29.396035751611183  
xenon           195.172         434.09341111590237   2660.7071000792616   38.18980748383501   
xenon           201.926         564.0403787626666    2608.2777734683627   48.85992587119012   
xenon           208.679         720.5742352853101    2552.5457517358627   61.69149584844917   
xenon           215.432         906.7339773972043    2493.11532488742     77.02553973398196   
xenon           222.185         1125.6053029090074   2429.517626413679    95.27134166871471   
xenon           228.939         1380.3748154151435   2361.1654685218314   116.93803794927994  
xenon           235.692         1674.1736955779093   2287.353814913782    142.66143512260288  
xenon           242.445         2010.306345125729    2207.1354628710237   173.28618694079788  
xenon           249.198         2392.111402713903    2119.255159699218    209.9582578817006   
xenon           255.952         2823.073238421791    2021.937188031413    254.32147749652873  
xenon           262.705         3306.571198962102    1912.578961142302    308.85423294568847  
xenon           269.458         3846.2760895970314   1786.8543856232138   377.71746652860094  
xenon           276.211         4445.920062086948    1636.5740723977776   468.9235621774049   
xenon           282.965         5109.480165094087    1441.1033211710205   602.8989488600201   
xenon           289.718         not converged        not converged        not converged       
ammonia         195.496         5.905509346063635    633.4997192263337    0.06196538249224655 
ammonia         206.543         13.634678398168026   625.2472622868062    0.1356138064893153  
ammonia         217.59          28.576674161967173   616.4607104041487    0.2704715710115411  
ammonia         228.636         55.19565347428078    607.0918336599344    0.4990964090014493  
ammonia         239.683         99.47991028576526    597.0823343236057    0.862917518778536   
ammonia         250.73          169.00108574680476   586.367448191319     1.4123926864781224  
ammonia         261.777         272.9155657114628    574.8706831156807    2.2075508468660647  
ammonia         272.824         421.89697796850425   562.5020780234871    3.319025917727478   
ammonia         283.87          628.0150105236627    549.1559781083926    4.829933387598715   
ammonia         294.917         904.7054915877235    534.7012694026574    6.839962709281459   
ammonia         305.964         1266.5602920360093   518.9816618429858    9.470278561015132   
ammonia         317.011         1729.3190583214057   501.80063580733236   12.873142780404885  
ammonia         328.057         2309.7515362701506   482.9083871352478    17.246124845684637  
ammonia         339.104         3025.873836851898    461.9685936862181    22.858644364921755  
ammonia         350.151         3896.6748060950063   438.52247131165956   30.094197504456297  
ammonia         361.198         4942.400274642147    411.8929510000439    39.5390600745048    
ammonia         372.245         6184.644572403015    380.9899195410744    52.17591997696795   
ammonia         383.291         7646.404358646569    343.7854615315409    69.90741511535708   
ammonia         394.338         9352.892009356294    295.2564886427915    97.60245664889736   
ammonia         405.385         not converged        not converged        not converged       
methane         90.695          11.863158148719373   442.6270951355056    0.25392888239196054 
methane         95.951          22.372028765215312   436.7152315937492    0.45446779160739226 
methane         101.206         39.30921308824327    430.4699458568687    0.7613819647464902  
methane         106.462         65.09347017866862    423.8586667231087    1.207730547652432   
methane         111.717         102.49351778677969   416.8492672541251    1.8301368659468198  
methane         116.972         154.60869457731266   409.4005219796063    2.669444558545612   
methane         122.228         224.81509800997583   401.4642987482018    3.7712497540347343  
methane         127.483         316.66455159745686   392.9888506696035    5.186265140365264   
methane         132.739         433.94748411149857   383.90577154055984   6.973848542885109   
methane         137.994         580.5173514859871    374.1398593130821    9.202676697432612   
methane         143.25          760.4494869554047    363.5907519173698    11.957825599909848  
methane         148.505         977.8003184499948    352.14120051333487   15.343820995469104  
methane         153.761         1236.8792299792365   339.63046757008254   19.499182364739447  
methane         159.016         1541.9159467540749   325.85467765090027   24.60813998454582   
methane         164.272         1897.4677875115738   310.5171050231655    30.937319878104514  
methane         169.527         2307.9669841953237   293.19020283255406   38.88655801459504   
methane         174.783         2778.287878427446    273.1608187203355    49.12946513952489   
methane         180.038         3313.1461024615833   249.10330268657142   62.95401650350302   
methane         185.294         3917.8537487884932   217.6754946367401    83.6508611350183    
methane         190.549         not converged        not converged        not converged       
hydrogen        13.958          5.92527049870738     82.74483361241309    0.10406516049020882 
hydrogen        14.967          10.84506376780609    81.55083899126107    0.17879038980128106 
hydrogen        15.976          18.400489003561784   80.30263636849854    0.28665266242965104 
hydrogen        16.985          29.348998626369628   78.99530141332836    0.4347859066530653  
hydrogen        17.994          44.48658523375095    77.62323486329792    0.6304860542387963  
hydrogen        19.003          64.62789537663214    76.18001398073955    0.8813158906771789  
hydrogen        20.012          90.59102780684003    74.65819554301063    1.1953099684549005  
hydrogen        21.021          123.18679655863583   73.04905106366677    1.5812753500773804  
hydrogen        22.03           163.21181421311144   71.3422040355259     2.049201788538662   
hydrogen        23.039          211.44463130511164   69.525120633982      2.6108195073874034  
hydrogen        24.049          268.70559397729465   67.5803792809419     3.281102246652365   
hydrogen        25.058          335.62148968667776   65.49238609764157    4.076652350531862   
hydrogen        26.067          412.96605350950085   63.23411905304408    5.021415213849989   
hydrogen        27.076          501.44526539770965   60.771823852706405   6.147030184713507   
hydrogen        28.085          601.7524076811333    58.058083756422846   7.498517928986356   
hydrogen        29.094          714.5714249069789    55.0219821659964     9.144119786547252   
hydrogen        30.103          840.5805917077672    51.5474252144034     11.196969442773927  
hydrogen        31.112          980.4564159091967    47.41517902903518    13.873042481220232  
hydrogen        32.121          1134.877741078738    42.08376491813616    17.710240600022416  
hydrogen        33.13           not converged        not converged        not converged       
